1000000  0.
   1.00000   -0.43499   -0.32652    0.07237    1.00000    1.00000    1.00000
   1.00000    0.27295   -0.06089    0.11419    1.00000    1.00000    1.00000
   1.00000    0.57896   -0.06583    0.05850    1.00000    1.00000    1.00000
   1.00000    0.26343   -0.22261    0.00450    1.00000    1.00000    1.00000
   1.00000   -0.76063    0.15928   -0.00934    1.00000    1.00000    1.00000
   1.00000    0.09898   -0.02676    0.01655    1.00000    1.00000    1.00000
   1.00000    0.36151   -0.34948    0.01202    1.00000    1.00000    1.00000
   1.00000   -0.37743   -0.13804    0.08618    1.00000    1.00000    1.00000
   1.00000   -0.40401    0.17487   -0.03564    1.00000    1.00000    1.00000
   1.00000   -0.11588   -0.02162    0.02999    1.00000    1.00000    1.00000
   1.00000    0.44881   -0.12936   -0.14952    1.00000    1.00000    1.00000
   1.00000   -0.74829   -0.15343   -0.02093    1.00000    1.00000    1.00000
   1.00000   -0.28784   -0.20180    0.14735    1.00000    1.00000    1.00000
   1.00000    0.34538   -0.21081    0.08030    1.00000    1.00000    1.00000
   1.00000    0.67150   -0.12064   -0.11936    1.00000    1.00000    1.00000
   1.00000   -0.14209    0.15601    0.10417    1.00000    1.00000    1.00000
   1.00000   -0.15471    0.31760   -0.14552    1.00000    1.00000    1.00000
   1.00000    0.08347    0.09611   -0.09738    1.00000    1.00000    1.00000
   1.00000    0.42342    0.00692   -0.03904    1.00000    1.00000    1.00000
   1.00000   -0.52972   -0.19972   -0.00154    1.00000    1.00000    1.00000
   1.00000   -0.68084    0.07830    0.08108    1.00000    1.00000    1.00000
   1.00000    0.19067   -0.15435    0.04457    1.00000    1.00000    1.00000
   1.00000   -0.52997   -0.11908    0.01665    1.00000    1.00000    1.00000
   1.00000    0.30068    0.13569    0.05398    1.00000    1.00000    1.00000
   1.00000    0.29121   -0.22568   -0.00709    1.00000    1.00000    1.00000
   1.00000    0.92356    0.08712    0.00745    1.00000    1.00000    1.00000
   1.00000    0.40178    0.14400    0.00809    1.00000    1.00000    1.00000
   1.00000    0.49483   -0.27595    0.06855    1.00000    1.00000    1.00000
   1.00000    0.45836   -0.20679    0.00580    1.00000    1.00000    1.00000
   1.00000   -0.18788   -0.29090   -0.11659    1.00000    1.00000    1.00000
   1.00000    0.72661   -0.18782    0.04747    1.00000    1.00000    1.00000
   1.00000    0.22759    0.45600   -0.03838    1.00000    1.00000    1.00000
   1.00000   -0.36148   -0.31672    0.04418    1.00000    1.00000    1.00000
   1.00000   -0.56189    0.16226   -0.07895    1.00000    1.00000    1.00000
   1.00000    0.08009   -0.01667   -0.07163    1.00000    1.00000    1.00000
   1.00000    0.61151    0.01761    0.07345    1.00000    1.00000    1.00000
   1.00000   -0.24432    0.08293   -0.17757    1.00000    1.00000    1.00000
   1.00000    0.04209    0.14885    0.04335    1.00000    1.00000    1.00000
   1.00000   -0.48171   -0.23789    0.07379    1.00000    1.00000    1.00000
   1.00000   -0.22089    0.29821    0.12843    1.00000    1.00000    1.00000
   1.00000    0.27970   -0.14970   -0.03309    1.00000    1.00000    1.00000
   1.00000   -0.66840    0.02008    0.00800    1.00000    1.00000    1.00000
   1.00000    0.35691   -0.24793    0.00644    1.00000    1.00000    1.00000
   1.00000    0.04104   -0.01816    0.05311    1.00000    1.00000    1.00000
   1.00000    0.53969   -0.13427    0.10323    1.00000    1.00000    1.00000
   1.00000   -0.19798    0.04352   -0.01589    1.00000    1.00000    1.00000
   1.00000   -0.50166    0.09712   -0.10716    1.00000    1.00000    1.00000
   1.00000    0.11842   -0.32696    0.11699    1.00000    1.00000    1.00000
   1.00000   -0.09707    0.04511   -0.08067    1.00000    1.00000    1.00000
   1.00000    0.28646   -0.02454    0.15304    1.00000    1.00000    1.00000
   1.00000    0.08591    0.40565   -0.08824    1.00000    1.00000    1.00000
   1.00000   -0.00075    0.03744    0.15144    1.00000    1.00000    1.00000
   1.00000   -0.10066    0.23218    0.10968    1.00000    1.00000    1.00000
   1.00000    0.16202   -0.28229    0.12832    1.00000    1.00000    1.00000
   1.00000    0.67398   -0.15684   -0.08544    1.00000    1.00000    1.00000
   1.00000    0.12012    0.08782    0.02636    1.00000    1.00000    1.00000
   1.00000   -0.07261   -0.29224    0.09207    1.00000    1.00000    1.00000
   1.00000    0.10526   -0.09346    0.09079    1.00000    1.00000    1.00000
   1.00000    0.07134   -0.23136   -0.15065    1.00000    1.00000    1.00000
   1.00000   -0.34220    0.06296    0.04032    1.00000    1.00000    1.00000
   1.00000   -0.10586    0.03885    0.17282    1.00000    1.00000    1.00000
   1.00000    0.25678    0.38051   -0.00355    1.00000    1.00000    1.00000
   1.00000    0.63743    0.22295    0.06021    1.00000    1.00000    1.00000
   1.00000    0.02450   -0.01268   -0.08126    1.00000    1.00000    1.00000
   1.00000   -0.07731    0.22219   -0.08626    1.00000    1.00000    1.00000
   1.00000    0.35074   -0.22359    0.06775    1.00000    1.00000    1.00000
   1.00000    0.08747   -0.31164    0.04645    1.00000    1.00000    1.00000
   1.00000    0.07580    0.31272   -0.07500    1.00000    1.00000    1.00000
   1.00000   -0.50645    0.29046   -0.08138    1.00000    1.00000    1.00000
   1.00000    0.40069   -0.00904   -0.01989    1.00000    1.00000    1.00000
   1.00000    0.29117    0.11040    0.01122    1.00000    1.00000    1.00000
   1.00000    0.62011   -0.22641   -0.02973    1.00000    1.00000    1.00000
   1.00000    0.63272   -0.23046   -0.12217    1.00000    1.00000    1.00000
   1.00000   -0.37417   -0.07737   -0.07519    1.00000    1.00000    1.00000
   1.00000    0.31857   -0.26035   -0.13332    1.00000    1.00000    1.00000
   1.00000    0.18547    0.42012    0.00254    1.00000    1.00000    1.00000
   1.00000   -0.37694   -0.31778    0.07917    1.00000    1.00000    1.00000
   1.00000    0.40772    0.06710   -0.08530    1.00000    1.00000    1.00000
   1.00000   -0.10023    0.29780    0.11442    1.00000    1.00000    1.00000
   1.00000   -0.65118   -0.16355    0.02507    1.00000    1.00000    1.00000
   1.00000   -0.43788   -0.18431   -0.10490    1.00000    1.00000    1.00000
   1.00000   -0.01650    0.03247   -0.07454    1.00000    1.00000    1.00000
   1.00000    0.51613   -0.08230    0.10382    1.00000    1.00000    1.00000
   1.00000    0.50094   -0.33111   -0.09483    1.00000    1.00000    1.00000
   1.00000    0.00415   -0.18645   -0.13615    1.00000    1.00000    1.00000
   1.00000   -0.21017    0.19900    0.09678    1.00000    1.00000    1.00000
   1.00000   -0.75594    0.10740    0.11593    1.00000    1.00000    1.00000
   1.00000    0.35340   -0.42619    0.05667    1.00000    1.00000    1.00000
   1.00000   -0.05245    0.33800    0.13573    1.00000    1.00000    1.00000
   1.00000    0.22731   -0.04844   -0.14388    1.00000    1.00000    1.00000
   1.00000    0.01901   -0.41444    0.06906    1.00000    1.00000    1.00000
   1.00000    0.54277    0.30900    0.04094    1.00000    1.00000    1.00000
   1.00000   -0.19199    0.40034    0.01723    1.00000    1.00000    1.00000
   1.00000   -0.54002   -0.17987    0.00173    1.00000    1.00000    1.00000
   1.00000   -0.45268    0.34150    0.03779    1.00000    1.00000    1.00000
   1.00000   -0.43634    0.38177   -0.03791    1.00000    1.00000    1.00000
   1.00000   -0.52434    0.07032    0.03073    1.00000    1.00000    1.00000
   1.00000    0.41216    0.30972   -0.04180    1.00000    1.00000    1.00000
   1.00000    0.54906    0.17536    0.14915    1.00000    1.00000    1.00000
   1.00000    0.75487   -0.06175    0.01861    1.00000    1.00000    1.00000
   1.00000   -0.04194   -0.27702    0.03119    1.00000    1.00000    1.00000
   1.00000    0.37112   -0.28759   -0.00470    1.00000    1.00000    1.00000
   1.00000    0.34911   -0.18910    0.11686    1.00000    1.00000    1.00000
   1.00000    0.60707   -0.04296   -0.02810    1.00000    1.00000    1.00000
   1.00000    0.20788   -0.31443   -0.03056    1.00000    1.00000    1.00000
   1.00000   -0.55145   -0.13320    0.01633    1.00000    1.00000    1.00000
   1.00000    0.11716    0.25150   -0.04888    1.00000    1.00000    1.00000
   1.00000   -0.55795   -0.14850    0.06220    1.00000    1.00000    1.00000
   1.00000    0.88495   -0.03777   -0.06225    1.00000    1.00000    1.00000
   1.00000    0.46088   -0.37964    0.08356    1.00000    1.00000    1.00000
   1.00000    0.61691    0.14775   -0.12455    1.00000    1.00000    1.00000
   1.00000   -0.34051   -0.25088    0.00119    1.00000    1.00000    1.00000
   1.00000   -0.31724   -0.06642    0.01138    1.00000    1.00000    1.00000
   1.00000    0.00595   -0.17871   -0.10918    1.00000    1.00000    1.00000
   1.00000   -0.37314   -0.24085    0.13863    1.00000    1.00000    1.00000
   1.00000   -0.28034    0.31427   -0.08415    1.00000    1.00000    1.00000
   1.00000   -0.27442   -0.07020    0.01277    1.00000    1.00000    1.00000
   1.00000    0.09503    0.10674   -0.18998    1.00000    1.00000    1.00000
   1.00000    0.41327   -0.32448    0.08706    1.00000    1.00000    1.00000
   1.00000   -0.32254   -0.16447    0.17283    1.00000    1.00000    1.00000
   1.00000   -0.65823    0.04082   -0.12256    1.00000    1.00000    1.00000
   1.00000    0.29079   -0.14655    0.06165    1.00000    1.00000    1.00000
   1.00000    0.25237    0.06614    0.07410    1.00000    1.00000    1.00000
   1.00000   -0.02055   -0.09803   -0.18424    1.00000    1.00000    1.00000
   1.00000    0.44280   -0.05866    0.13311    1.00000    1.00000    1.00000
   1.00000    0.04809   -0.24071    0.08034    1.00000    1.00000    1.00000
   1.00000   -0.46770    0.06485   -0.13293    1.00000    1.00000    1.00000
   1.00000    0.11589   -0.05686   -0.13679    1.00000    1.00000    1.00000
   1.00000   -0.95913   -0.10620    0.03356    1.00000    1.00000    1.00000
   1.00000    0.20762    0.02064   -0.03329    1.00000    1.00000    1.00000
   1.00000    0.43016    0.18770   -0.11136    1.00000    1.00000    1.00000
   1.00000    0.45409   -0.03325   -0.09388    1.00000    1.00000    1.00000
   1.00000   -0.74464    0.15303   -0.02040    1.00000    1.00000    1.00000
   1.00000   -0.19272    0.12133    0.07810    1.00000    1.00000    1.00000
   1.00000   -0.75337   -0.06374    0.08236    1.00000    1.00000    1.00000
   1.00000    0.49762    0.38099    0.05335    1.00000    1.00000    1.00000
   1.00000   -0.59331    0.08582   -0.14383    1.00000    1.00000    1.00000
   1.00000    0.70556    0.05159    0.07492    1.00000    1.00000    1.00000
   1.00000   -0.15544    0.44817   -0.06450    1.00000    1.00000    1.00000
   1.00000    0.40425   -0.38854   -0.04669    1.00000    1.00000    1.00000
   1.00000    0.82011   -0.21434    0.02623    1.00000    1.00000    1.00000
   1.00000   -0.09549   -0.43034    0.02565    1.00000    1.00000    1.00000
   1.00000    0.19849    0.42074   -0.07791    1.00000    1.00000    1.00000
   1.00000   -0.46890    0.35835   -0.09422    1.00000    1.00000    1.00000
   1.00000    0.75289    0.25311    0.02335    1.00000    1.00000    1.00000
   1.00000    0.28051    0.04980   -0.13539    1.00000    1.00000    1.00000
   1.00000   -0.31122   -0.13383    0.14156    1.00000    1.00000    1.00000
   1.00000   -0.07687   -0.04837   -0.04115    1.00000    1.00000    1.00000
   1.00000    0.26707   -0.21544   -0.03705    1.00000    1.00000    1.00000
   1.00000   -0.79729    0.01547    0.03284    1.00000    1.00000    1.00000